{
  "bio_ids": [
    "2am-grad-student",
    "boss-getting-ammunition",
    "chatbot-friend",
    "confessional-disclosure",
    "contract-paralegal-extracting-language",
    "despotic-miscreant",
    "discourse-haver",
    "fragile-writer",
    "gushing-fan",
    "limit-tester",
    "minimalist",
    "monomaniac",
    "polite-naturalist",
    "prompt-engineer-optimizer",
    "pushy-completionist",
    "recovering-academic",
    "reply-guy",
    "retired-with-time",
    "rp-merchant",
    "scringlo",
    "second-language-relay",
    "social-engineer",
    "specialist-with-tastes",
    "tech-support-customer",
    "wry-skeptic"
  ],
  "feature_keys": [
    "dicemother::pred",
    "dicemother::surf_avg_word_len",
    "dicemother::surf_frac_caps",
    "dicemother::surf_frac_ellipsis",
    "dicemother::surf_frac_excl",
    "dicemother::surf_frac_i",
    "dicemother::surf_frac_q",
    "dicemother::surf_frac_you",
    "dicemother::surf_has_emoji",
    "dicemother::surf_len_chars",
    "dicemother::surf_len_words",
    "dicemother::surf_n_paragraphs",
    "dicemother::surf_n_parentheticals",
    "dicemother::surf_starts_lower",
    "dicemother::trope",
    "scringlo::pred",
    "scringlo::surf_avg_word_len",
    "scringlo::surf_frac_caps",
    "scringlo::surf_frac_ellipsis",
    "scringlo::surf_frac_excl",
    "scringlo::surf_frac_i",
    "scringlo::surf_frac_q",
    "scringlo::surf_frac_you",
    "scringlo::surf_has_emoji",
    "scringlo::surf_len_chars",
    "scringlo::surf_len_words",
    "scringlo::surf_n_paragraphs",
    "scringlo::surf_n_parentheticals",
    "scringlo::surf_starts_lower",
    "scringlo::trope"
  ],
  "projections": [
    [
      0.5771800459999399,
      -1.415773845945792,
      -0.034097408949933496,
      0.5925195674027779,
      -1.0626770165634851,
      3.7331934864873704,
      -0.33837342071782245,
      -1.734279902640238,
      1.3794113756655584,
      -0.23679278454078181,
      -0.40170996706710344,
      -0.077241490924379,
      0.7053761271016679,
      0.22356243711174695,
      0.9089937025800082,
      -0.17133434557139862,
      -0.7820194247938415,
      -0.11809701719110186,
      0.08727495252828539,
      0.18585585280702815,
      0.0017421816415596142,
      -0.1590483943690303,
      0.10465621074150201,
      -0.011293042771624663,
      4.0381384838653993e-16
    ],
    [
      -2.6713085150565234,
      0.9322482512344321,
      0.879598459675029,
      -1.6892360067265193,
      -1.5597268094698848,
      0.10657015875216429,
      -0.1979487844214885,
      -0.4159986305729369,
      1.5308564336082688,
      0.9978855924387318,
      -0.908575936262139,
      -0.4512701099738186,
      -1.6616695840951596,
      -0.5313175313812315,
      -0.037961188939748244,
      -0.2256246140167618,
      -0.48684741145236127,
      0.30806912752190163,
      -0.20000463433101728,
      -0.2307688349736022,
      0.15474532928052748,
      0.10533311420491301,
      -0.2621480661320015,
      0.0054066739235023,
      4.0068945068151474e-16
    ],
    [
      -0.6578836425947995,
      0.7088387384632627,
      -1.2566652598819028,
      -0.7558277595747424,
      -0.9619954567692564,
      -1.0884014808081879,
      0.39312633107093997,
      0.803896502787079,
      0.4093111830239581,
      -0.17059369343718547,
      1.1519196426310503,
      -0.34852461820845665,
      0.07771340172795249,
      0.16121835347584845,
      0.1273834540391442,
      -0.04546792144658476,
      -0.31885567838555723,
      -0.5852654024938275,
      -0.6341570811632739,
      -0.5368933927214798,
      -0.2646542062147864,
      -0.10731995184760026,
      0.13960881797241767,
      0.03789267575479161,
      -3.223818019515098e-16
    ],
    [
      0.3134522242032326,
      -0.7473579617881917,
      -0.37814911262587814,
      -1.238582256729016,
      0.20303707656227593,
      3.1097524348832524,
      2.3384016481828485,
      1.8375256162134785,
      -2.058009633875055,
      1.022475890832813,
      -0.08729231944524007,
      1.00051674757564,
      -1.0793833208900108,
      0.24172711919893256,
      -0.3920798936169506,
      -0.3604310845003009,
      0.0007906142954893038,
      -0.42246115168224563,
      0.07841618299128685,
      0.08204664787597508,
      0.07566107750700796,
      0.0030035893878886067,
      0.03843873981603922,
      0.02789307345097178,
      6.104743436349424e-16
    ],
    [
      0.48473380976619884,
      -0.9890755223353211,
      -1.0256625463621025,
      1.9349702637384925,
      2.6118075390368722,
      -1.4024228652579855,
      -0.6342228042319941,
      0.1435919816256934,
      0.6417369667545214,
      -0.6385747978968369,
      -1.3311560279916599,
      0.9392914199417179,
      -1.1490389947840889,
      -0.8738235473236533,
      0.12043217409465234,
      0.465867835261801,
      -0.009086335382159484,
      -0.6748843400277099,
      -0.06918798355285805,
      0.1017556825439801,
      0.1301907133620218,
      -0.1611032527957538,
      0.02018590322893242,
      -0.06329346332317441,
      3.819046200991273e-17
    ],
    [
      -1.2582947829505875,
      -1.3764449570840476,
      -2.423519734327012,
      0.11242549206434793,
      0.41890909467703286,
      0.4886037040334922,
      -0.3665012018297795,
      -0.2193671042887735,
      -1.398126515750704,
      0.012751730752073042,
      -1.2965575777832994,
      0.7087438156171205,
      1.2579833893133006,
      -0.049964093078194605,
      -0.46913889714584034,
      0.05132101901088113,
      -0.1445710458043824,
      0.3541199960963912,
      0.25369468955451285,
      -0.5671264786926934,
      -0.17232046360731085,
      -0.11475297287463443,
      -0.16508584983932403,
      -0.08073709869253648,
      1.874931165590195e-16
    ],
    [
      0.6551625664921127,
      -2.791531110438608,
      -0.3760648953299079,
      3.727715833824636,
      1.9241916932174066,
      1.8162367278496427,
      -1.9469759938311306,
      0.39505172869803173,
      0.5805650137446455,
      1.4107383906736706,
      1.9139378273406502,
      -0.09507576966451382,
      -0.24261990066450195,
      0.10650817767803482,
      0.029027409265334276,
      0.0032418132758962655,
      0.34363795602212327,
      0.15646850283481128,
      -0.10364558601321407,
      -0.23502556609057673,
      0.08234421749175455,
      0.15290208447820725,
      -0.04808336570885494,
      -0.007996032789625383,
      2.6536154294458535e-16
    ],
    [
      0.06867483796441029,
      1.390023371833865,
      2.0798720007862572,
      0.7352549664752975,
      0.7115329036492541,
      0.1699160955424699,
      0.6454652832615805,
      2.6004375311804626,
      1.90627040706873,
      -1.7413794576700168,
      -0.44487204205028785,
      0.6848110049531021,
      -0.6973249793304162,
      0.7298190221428874,
      0.31860840840853266,
      0.03753548588678384,
      0.11445959816262281,
      0.4541590870251902,
      0.3666438571707083,
      -0.1947731273168791,
      -0.1935538871506721,
      0.050216629887139846,
      0.07647416940582305,
      0.018634097314945666,
      -4.1973758242648747e-16
    ],
    [
      3.299390182533933,
      8.77709180246256,
      0.5783412084699575,
      -1.0348718160821366,
      3.1278536737215057,
      0.8515840133585948,
      -0.2063013632640463,
      -0.7209098334348739,
      0.06658609451621306,
      0.9325777324306402,
      0.17061423580409668,
      0.20867157339536818,
      0.64744988805617,
      -0.24342726015814137,
      -0.0013906215247467706,
      0.07822602981290118,
      -0.028027283580150334,
      0.04167472087725357,
      -0.05886191896332212,
      0.009146322198744627,
      -0.022935062501013216,
      0.01390242905625475,
      -0.011344627086286557,
      -0.008979789214403273,
      -6.248917558060756e-16
    ],
    [
      -1.5400501127879278,
      -0.4596819193651466,
      0.08990025374984535,
      0.38427904917841965,
      0.39263279364846226,
      -0.47456904448359155,
      -0.6364120589035422,
      0.7396186017097393,
      0.3983092413442826,
      0.7874495193588474,
      -1.030302187695362,
      -0.7639186038896225,
      0.07300592777886813,
      0.5929317422281597,
      -0.6488422317639797,
      -0.4827227346133674,
      0.06401010271334924,
      0.14881807214609996,
      -0.3907235283382833,
      0.5019193223841745,
      -0.2825701364473206,
      0.046868941132640674,
      0.09502618916757617,
      -0.14091191791896385,
      3.294686171374381e-16
    ],
    [
      8.940492046516656,
      -3.734815716038606,
      3.1354806597587475,
      -2.5008668335731157,
      -0.8169969140612601,
      -1.3307827921253768,
      -1.257446388431532,
      0.14759719912865535,
      0.03735465738483203,
      0.34402931561297734,
      -0.0864328224237314,
      0.4515382746198154,
      0.21196545006420534,
      0.0044445761051056685,
      -0.14752973056864413,
      -0.18044951633213718,
      -0.0024580325873148103,
      0.007220815520530883,
      -0.012947441054446722,
      -0.05944553467563995,
      0.01292534107867705,
      -0.0396381019448376,
      -0.023298521205294936,
      -0.0066970521519232875,
      1.2450878581590513e-16
    ],
    [
      -1.9016929509471474,
      -0.7766789762164487,
      2.3579800186477398,
      0.0677603586070729,
      -0.08128849718928967,
      0.622785811320618,
      -0.6197633377280506,
      -0.068919384269475,
      -1.1165093641059378,
      -0.1881473317400209,
      0.635547881196763,
      0.09056534178027621,
      -0.2815222118855135,
      -0.34791533508822675,
      -0.74284440046044,
      1.0547655064855965,
      -0.4251700025152004,
      0.5377866896411125,
      -0.18500077909825635,
      0.2474944068379266,
      -0.11593881348893044,
      -0.1565449033680512,
      0.06000423555927622,
      0.08934147377056367,
      7.166398657403086e-16
    ],
    [
      -1.4681362687340556,
      0.23923380173126077,
      -0.11974065802355642,
      -1.2507632286110653,
      -0.547504725912982,
      -1.0158764373431486,
      0.9426876915302728,
      0.9727153698220827,
      0.38354964232759076,
      0.8944243183617918,
      0.3067182435885294,
      -0.7879855879221104,
      0.5139673119162519,
      0.6877770477164087,
      0.09145005055310293,
      0.49160158867710585,
      0.13809972240500046,
      0.22581244213370297,
      0.08702647801963122,
      -0.12129939350466949,
      0.5094709556043928,
      -0.16436923904161446,
      0.17184841553231311,
      -0.09710832475494229,
      9.960857342091527e-16
    ],
    [
      0.6144925350138122,
      -1.5693186032836208,
      2.153011571948654,
      0.5325633662671918,
      0.6100355407122198,
      0.20100939730714718,
      3.944993378401486,
      -2.305353865636789,
      0.41177052095255523,
      -0.8303707912569255,
      0.916814280840312,
      -0.6491822079718222,
      -0.013382728937407636,
      -0.21984141310762476,
      -0.10186654499988988,
      0.1786422175545436,
      0.4087485092325942,
      -0.06302716466661915,
      -0.05120350478061826,
      -0.018640300718204526,
      -0.1199536775837319,
      0.011419496787187962,
      -0.15385668638916994,
      -0.08497744142354641,
      1.055826890808288e-15
    ],
    [
      0.6831622270505474,
      -1.6302554452435898,
      -0.8014349393389304,
      0.1285856095331196,
      0.4898432990170963,
      0.6186732813057852,
      0.9337010004010533,
      -0.22077894348328936,
      0.47265214606432565,
      -0.24826068564900652,
      -1.9981080184877653,
      -0.6405413596108347,
      1.118442584872235,
      -0.4234179984099529,
      -0.2004486380328402,
      0.21455801329552707,
      0.3565305352553189,
      0.034631862714836315,
      -0.27077348430117076,
      -0.0888368825660174,
      0.12790638559683934,
      0.2983545776440186,
      0.16768218084291864,
      0.12849519036565296,
      5.68840980211499e-16
    ],
    [
      -2.14935844869265,
      0.2693252933162658,
      0.9447912698648313,
      -0.5528613221652497,
      -0.21487479618740332,
      0.19699971630596744,
      -0.7485432390208229,
      1.20063957023856,
      -1.1245038372143374,
      -1.3841333526382433,
      0.06392403600655312,
      0.7564943541389306,
      0.9586612377832963,
      0.4028395738959612,
      0.8835558408910618,
      -0.0437067043993201,
      0.35173378861170496,
      -0.023828563663153265,
      -0.5232260064626698,
      0.2359020086397717,
      0.15835032146649175,
      -0.0011093434574701963,
      -0.2934256161789391,
      0.010434079833780373,
      1.1973136574224623e-15
    ],
    [
      -2.890449037041414,
      0.7600246403077593,
      2.2993258296549546,
      0.3394912657438807,
      -0.08415045121941596,
      -0.4252110863335198,
      -0.8552451437606519,
      -0.4376829746849623,
      -0.6898878353365434,
      -1.7595437169226977,
      0.9578637885166259,
      0.334255143399957,
      0.43531359923099305,
      -0.8710208135521145,
      -0.6310878633405832,
      -0.8794674961929774,
      -0.2723007393630505,
      -0.057022781252041986,
      0.14335444704557684,
      -0.08188976760410605,
      0.22257465835253787,
      0.0959145240425157,
      0.17564136815318884,
      -0.03828734894767632,
      4.91376032905077e-16
    ],
    [
      -4.111370068755243,
      0.02093521007331498,
      1.6283858924733374,
      -1.318587872946801,
      -0.7421951008693177,
      -0.6612428637335781,
      -1.2026463355126618,
      -2.7332103803339356,
      -0.2713203304548174,
      1.0764751034084705,
      -0.33489659634381513,
      1.1774423672609708,
      -0.49523660360385907,
      0.4813367287531416,
      0.40480113486562375,
      -0.0074428039882592405,
      0.8448647623850368,
      -0.159274873411971,
      0.16896099266626424,
      -0.08153006002720883,
      -0.129708801243476,
      -0.01443514441039256,
      0.1432444727406168,
      0.03726588019329623,
      1.1626191879029262e-15
    ],
    [
      0.14154121577994785,
      -0.4828244807049228,
      -1.8313326734097917,
      1.6284564864841706,
      1.2974776426567474,
      -2.9398253313260847,
      1.2835153631547196,
      -1.2879868431774815,
      0.47300969109556795,
      0.39140216733238375,
      0.33373876525243845,
      0.9728138163386046,
      0.2440651595715031,
      1.0762553156252532,
      -0.35657847580510377,
      -0.385110525956249,
      -0.5898524905877156,
      0.11621171294296688,
      0.0634091077463733,
      0.19719161181217126,
      0.11322231917566435,
      -0.009633254704080484,
      -0.08884801047887828,
      0.11365741459639488,
      2.879711659398345e-16
    ],
    [
      2.8220504722251123,
      3.5478187543650237,
      0.3503216354604446,
      4.588936597378758,
      -4.8820032056823095,
      -0.6588239014343811,
      0.2312385235586474,
      0.05874959123962624,
      -1.240799022470536,
      0.28596267468792913,
      -0.5717309610077344,
      -0.24979121796432316,
      -0.21234275268775482,
      -0.06716334317645688,
      0.05503538194907691,
      0.03901901101884593,
      0.15720656945454972,
      -0.04177560703909645,
      0.05603577170171105,
      0.0042150192895238185,
      0.011966828610233382,
      -0.01399923937806471,
      -0.008576882982062523,
      -9.490857424584899e-05,
      -1.3604145096202417e-15
    ],
    [
      0.6465732015844798,
      0.5353827697865543,
      -4.558712467959416,
      -1.7968821832037967,
      -2.6551218849431137,
      0.4853572133648989,
      -0.18181588379422442,
      0.30187660174658776,
      1.9681452658921221,
      -0.44805675820451385,
      1.1935209840329417,
      1.0505844245756983,
      0.2617998235112814,
      -0.6390557634741633,
      -0.5139416453288321,
      0.14761864400120092,
      0.46305417833596263,
      0.080550946250808,
      0.1265262161089562,
      0.2957357584917368,
      -0.037303365876285945,
      0.01521480331539565,
      -0.03199301756988969,
      -0.006632292978930552,
      3.483026971552821e-16
    ],
    [
      0.5099628331391917,
      -1.1833596145255656,
      -2.1589258595302314,
      -0.546605986599283,
      0.8604572871613084,
      -1.6226265623601424,
      0.867945276967263,
      0.37102947131533054,
      -1.516222739866638,
      0.49064922048994547,
      0.43772068568015565,
      -0.3324838586569087,
      -0.4402356347560939,
      -1.0120254547458394,
      1.3189813949988882,
      -0.2819047679554901,
      -0.10124193113648376,
      0.6615479471222003,
      0.06654315054464253,
      0.13410095977600492,
      -0.12403833914693116,
      0.02953651025124036,
      0.12123614430232345,
      -0.003433706592242326,
      5.082228295813383e-16
    ],
    [
      -1.3971917123735886,
      -0.3332579116908271,
      0.4352272574871704,
      -0.9014283630916282,
      -0.4750080279484422,
      -1.000204920492537,
      -0.49182016855973615,
      0.6100469514064376,
      -0.49652508548872815,
      0.38755497467176386,
      0.4212531204297716,
      -0.37029952523288984,
      0.4836345882596143,
      0.1906183825165565,
      0.273384606040421,
      0.6739407003889741,
      -0.5894716869946636,
      -0.6303486338177924,
      0.4564540682559599,
      0.12067835698500627,
      -0.11513073667419321,
      0.3686603796897271,
      -0.06957212382821876,
      -0.04342376587673602,
      8.294745860970901e-16
    ],
    [
      2.109596789917414,
      0.620423513779848,
      -2.885621033548417,
      -1.220770131533389,
      0.6840358198894547,
      0.5858947066190416,
      -1.518995472000231,
      -1.3700928955929497,
      -1.2967216377084094,
      -1.9995635255273694,
      0.03342381546279816,
      -1.7557629936862613,
      -1.3463777450680086,
      0.8710558850390467,
      -0.18108353778761077,
      0.021756624111025427,
      0.14666702773886975,
      -0.0012419235328094925,
      0.10228612337445182,
      -0.01844296326410559,
      0.0554594410349916,
      0.014010053475986753,
      -0.014411261382695988,
      0.014320658900298553,
      -1.337025509483694e-16
    ],
    [
      -1.820729448253045,
      -0.31097008269345583,
      0.9176905313101089,
      0.03432490413857667,
      0.7517285228665236,
      -0.3665894614319133,
      -0.37806290052109776,
      1.3318040410039307,
      0.5490973628285377,
      0.6110402644315511,
      -0.04536285022455411,
      -1.8536509398912542,
      0.629755967515469,
      -0.4911218079914935,
      -0.10685988837062994,
      -0.39443197380824885,
      0.36009869797026606,
      -0.34984446404943903,
      0.44310591035075564,
      0.11863035251314638,
      -0.07845228026804607,
      -0.2633833351615788,
      -0.1434028186812926,
      0.11052496790636399,
      4.714534810112665e-16
    ]
  ],
  "eigvals": [
    6.596505745351056,
    5.3858769304989105,
    3.417692957306309,
    2.689445221037029,
    2.6011783230292846,
    2.040868265022428,
    1.5905873658795906,
    1.525465767980149,
    1.2048887272941229,
    0.9216879889441979,
    0.8055556040680458,
    0.684826071763711,
    0.5877387268361752,
    0.32265109416765153,
    0.2493289463269124,
    0.15724783333119866,
    0.15037349927387975,
    0.1174622089351965,
    0.07124559846723144,
    0.057917266511761385,
    0.02993989239702695,
    0.019743803731910994,
    0.017410665315963716,
    0.004361496530263412,
    1.836749829910972e-31
  ],
  "cumvar": [
    0.21108818385123373,
    0.3834362456271988,
    0.4928024202610007,
    0.5788646673341855,
    0.6621023736711227,
    0.7274101581518403,
    0.7783089538599872,
    0.8271238584353519,
    0.8656802977087638,
    0.8951743133549781,
    0.9209520926851555,
    0.9428665269815943,
    0.961674166240352,
    0.9719990012537167,
    0.979977527536178,
    0.9850094582027763,
    0.9898214101795404,
    0.9935802008654667,
    0.9958600600164181,
    0.9977134125447945,
    0.9986714891014995,
    0.9993032908209205,
    0.9998604321110314,
    0.9999999999999999,
    0.9999999999999999
  ],
  "n_eff_95": 13,
  "distances": [
    [
      0.0,
      6.858115832262212,
      6.7526099832562085,
      6.799373899677046,
      7.463606185701999,
      6.09810932855939,
      6.608967817243669,
      7.443150637838818,
      12.105385334626636,
      6.219457692425939,
      11.387636430425951,
      6.290544878354376,
      6.934172760103486,
      6.750523666140691,
      4.930490342303022,
      6.711048432502932,
      7.462332549772512,
      7.88716388418199,
      7.994992340556476,
      9.647072787819493,
      7.4951440377617,
      7.613871477859533,
      6.511247507669648,
      7.245182314210754,
      6.750023785143414
    ],
    [
      6.858115832262212,
      0.0,
      5.0097634049948585,
      7.41283899015672,
      7.65124163052299,
      6.803385505807546,
      9.330026662877632,
      6.54371971809475,
      11.40396263451006,
      4.605965113258675,
      13.223820072131254,
      5.219394313047698,
      4.380650355874354,
      7.8180122358194994,
      6.529661265297586,
      5.624893181228989,
      5.616682794646741,
      4.7450513293436165,
      7.773542783117414,
      10.012057097858532,
      7.555211215978494,
      7.168114355978543,
      4.636636200708761,
      8.228009693418063,
      4.990718562307935
    ],
    [
      6.7526099832562085,
      5.0097634049948585,
      0.0,
      6.453062759570556,
      6.147651992155732,
      5.184198437278346,
      7.883154402428127,
      5.808379818685549,
      10.569274228953837,
      4.1529830893860735,
      11.888408165499861,
      5.500579368890043,
      2.8112595323210856,
      6.992562801771045,
      5.267086346929217,
      4.512843866960869,
      5.587645582355102,
      6.768316014862982,
      5.246618118746262,
      8.655149460890497,
      5.259164518514,
      4.49234766379738,
      3.1542330081400993,
      6.1693251680869805,
      4.423008065082687
    ],
    [
      6.799373899677046,
      7.41283899015672,
      6.453062759570556,
      0.0,
      7.897103001477669,
      6.104953614289402,
      8.2464579310979,
      7.249994464678679,
      11.674515922179593,
      6.4669437158430725,
      11.875459939793204,
      6.389920481898543,
      6.184951966087715,
      7.353803772821512,
      6.005743382530083,
      6.430463606867777,
      8.09012315176639,
      8.835310429910065,
      8.319723485694173,
      10.549616269042815,
      8.167501640096429,
      6.308655796818196,
      6.356240985981196,
      7.832559007658282,
      6.864690554496653
    ],
    [
      7.463606185701999,
      7.65124163052299,
      6.147651992155732,
      7.897103001477669,
      0.0,
      5.51731762707788,
      6.195217648414371,
      6.250202549953385,
      11.442432859746665,
      5.056010209435465,
      11.616378987216,
      6.621395691038329,
      6.630266945587846,
      7.4947554873763265,
      4.955631992703256,
      6.614417811944785,
      7.128243944035491,
      8.292437401697734,
      4.748594181234079,
      10.05225022076972,
      8.482879974375999,
      5.294250366569857,
      6.003651731006452,
      6.932889837052625,
      5.908999788708968
    ],
    [
      6.09810932855939,
      6.803385505807546,
      5.184198437278346,
      6.104953614289402,
      5.51731762707788,
      0.0,
      7.060504208009184,
      7.703479700335588,
      12.189096179077426,
      4.380321279316652,
      12.592264016630581,
      5.729044825163454,
      5.23688098876068,
      7.819458046845613,
      3.9482080537695574,
      5.073186477840937,
      6.543693584771093,
      6.8936690597585235,
      5.628567013260866,
      10.156322152439909,
      6.761570628732332,
      4.730687871028687,
      4.756151426986016,
      6.348680415859487,
      5.513103644088945
    ],
    [
      6.608967817243669,
      9.330026662877632,
      7.883154402428127,
      8.2464579310979,
      6.195217648414371,
      7.060504208009184,
      0.0,
      8.221549924665123,
      13.261333088029447,
      6.522096834080598,
      12.035614232625354,
      7.002666688633442,
      8.143464033201276,
      8.437031090162547,
      6.884910999058541,
      8.014671102258283,
      8.41083042101422,
      9.59793883756885,
      7.463015937263029,
      10.699030914887915,
      9.678647843710703,
      7.493747783406056,
      7.467721722717353,
      8.623418379653161,
      6.844431086678188
    ],
    [
      7.443150637838818,
      6.54371971809475,
      5.808379818685549,
      7.249994464678679,
      6.250202549953385,
      7.703479700335588,
      8.221549924665123,
      0.0,
      10.14426270792805,
      5.461981003629433,
      11.868676835148968,
      6.006490174548928,
      5.711722124422179,
      7.2774275443275105,
      6.378200422450873,
      5.306847678403062,
      6.075262551459693,
      8.512375294615696,
      7.421037346101232,
      9.217753509058992,
      8.80565576339182,
      7.595422121515146,
      5.891337278570414,
      8.452617581370358,
      5.461644052679762
    ],
    [
      12.105385334626636,
      11.40396263451006,
      10.569274228953837,
      11.674515922179593,
      11.442432859746665,
      12.189096179077426,
      13.261333088029447,
      10.14426270792805,
      0.0,
      11.28280498183099,
      14.83463371249219,
      11.808804772503901,
      10.95340412973865,
      12.284749186239914,
      11.603073303388316,
      11.26786190149034,
      11.41560104973619,
      12.621952786393724,
      11.51561746445487,
      11.411006199913455,
      12.031900381112536,
      11.640118154238518,
      11.233827438479002,
      10.383662728188343,
      11.271720526376216
    ],
    [
      6.219457692425939,
      4.605965113258675,
      4.1529830893860735,
      6.4669437158430725,
      5.056010209435465,
      4.380321279316652,
      6.522096834080598,
      5.461981003629433,
      11.28280498183099,
      0.0,
      12.046283422496801,
      4.2795712769143215,
      3.426982968226447,
      7.0275115548012135,
      4.168915600573293,
      4.246599521861173,
      5.116341631191925,
      5.804183699615582,
      5.398535054118439,
      9.339058007709511,
      7.583798334345101,
      5.302092867900004,
      3.2683770611635445,
      6.954965032912895,
      2.6270333753358868
    ],
    [
      11.387636430425951,
      13.223820072131254,
      11.888408165499861,
      11.875459939793204,
      11.616378987216,
      12.592264016630581,
      12.035614232625354,
      11.868676835148968,
      14.83463371249219,
      12.046283422496801,
      0.0,
      11.977544350056169,
      12.06463660645685,
      11.21757325068885,
      10.60194486227623,
      12.589536412944291,
      13.364309103935334,
      14.14194880651117,
      12.15026712146023,
      13.052617003966464,
      12.726428583654888,
      11.152131801076695,
      11.521298250284406,
      11.280193534949058,
      12.293908252757493
    ],
    [
      6.290544878354376,
      5.219394313047698,
      5.500579368890043,
      6.389920481898543,
      6.621395691038329,
      5.729044825163454,
      7.002666688633442,
      6.006490174548928,
      11.808804772503901,
      4.2795712769143215,
      11.977544350056169,
      0.0,
      4.859047636690874,
      6.293062899750961,
      5.864116546198376,
      3.844927100900346,
      3.586556803708229,
      5.241631383364724,
      7.250781809349866,
      9.763397019375962,
      8.92900438713825,
      6.533227792868952,
      3.6756811420598337,
      7.887640481447755,
      4.344498707991154
    ],
    [
      6.934172760103486,
      4.380650355874354,
      2.8112595323210856,
      6.184951966087715,
      6.630266945587846,
      5.23688098876068,
      8.143464033201276,
      5.711722124422179,
      10.95340412973865,
      3.426982968226447,
      12.06463660645685,
      4.859047636690874,
      0.0,
      6.622549720859782,
      4.969550229186988,
      4.320703569687294,
      5.61998193126337,
      5.987138430997623,
      5.670706991740788,
      9.471367060824193,
      6.666684470262464,
      4.896298157566118,
      2.5853287691005797,
      7.250808832739281,
      3.4344653890864683
    ],
    [
      6.750523666140691,
      7.8180122358194994,
      6.992562801771045,
      7.353803772821512,
      7.4947554873763265,
      7.819458046845613,
      8.437031090162547,
      7.2774275443275105,
      12.284749186239914,
      7.0275115548012135,
      11.21757325068885,
      6.293062899750961,
      6.622549720859782,
      0.0,
      5.747487902468348,
      7.535317551769128,
      7.140412041971896,
      8.258025810504316,
      6.6872841099918485,
      10.374324454832381,
      9.778187840852233,
      7.048023075754155,
      6.8229159830926385,
      8.707504055900888,
      6.877505683287527
    ],
    [
      4.930490342303022,
      6.529661265297586,
      5.267086346929217,
      6.005743382530083,
      4.955631992703256,
      3.9482080537695574,
      6.884910999058541,
      6.378200422450873,
      11.603073303388316,
      4.168915600573293,
      10.60194486227623,
      5.864116546198376,
      4.969550229186988,
      5.747487902468348,
      0.0,
      5.758008182435846,
      6.988269166054219,
      7.784936077841552,
      5.709707156610781,
      9.559867859874883,
      7.115667269940693,
      4.982563237225035,
      5.041788677177351,
      6.349738549002658,
      4.894147308278682
    ],
    [
      6.711048432502932,
      5.624893181228989,
      4.512843866960869,
      6.430463606867777,
      6.614417811944785,
      5.073186477840937,
      8.014671102258283,
      5.306847678403062,
      11.26786190149034,
      4.246599521861173,
      12.589536412944291,
      3.844927100900346,
      4.320703569687294,
      7.535317551769128,
      5.758008182435846,
      0.0,
      3.726801621132832,
      5.678564723122068,
      7.1047599829391626,
      9.698886465389593,
      7.925355842040584,
      6.088425708000976,
      3.4359288584699197,
      7.451162640913925,
      4.36184695654732
    ],
    [
      7.462332549772512,
      5.616682794646741,
      5.587645582355102,
      8.09012315176639,
      7.128243944035491,
      6.543693584771093,
      8.41083042101422,
      6.075262551459693,
      11.41560104973619,
      5.116341631191925,
      13.364309103935334,
      3.586556803708229,
      5.61998193126337,
      7.140412041971896,
      6.988269166054219,
      3.726801621132832,
      0.0,
      5.257950884417363,
      7.365226654925957,
      9.828615616794853,
      9.1610217687566,
      7.354229675840637,
      4.556568807549596,
      8.389928554350222,
      4.791035788722669
    ],
    [
      7.88716388418199,
      4.7450513293436165,
      6.768316014862982,
      8.835310429910065,
      8.292437401697734,
      6.8936690597585235,
      9.59793883756885,
      8.512375294615696,
      12.621952786393724,
      5.804183699615582,
      14.14194880651117,
      5.241631383364724,
      5.987138430997623,
      8.258025810504316,
      7.784936077841552,
      5.678564723122068,
      5.257950884417363,
      0.0,
      7.880014282994149,
      11.346680916975808,
      9.456056902173785,
      8.044072228906286,
      5.345764477273998,
      9.276200924255244,
      6.366957531662887
    ],
    [
      7.994992340556476,
      7.773542783117414,
      5.246618118746262,
      8.319723485694173,
      4.748594181234079,
      5.628567013260866,
      7.463015937263029,
      7.421037346101232,
      11.51561746445487,
      5.398535054118439,
      12.15026712146023,
      7.250781809349866,
      5.670706991740788,
      6.6872841099918485,
      5.709707156610781,
      7.1047599829391626,
      7.365226654925957,
      7.880014282994149,
      0.0,
      9.541652807497865,
      7.784230900736004,
      4.929540760841972,
      5.799626204629799,
      7.400226185941523,
      6.5383907164268305
    ],
    [
      9.647072787819493,
      10.012057097858532,
      8.655149460890497,
      10.549616269042815,
      10.05225022076972,
      10.156322152439909,
      10.699030914887915,
      9.217753509058992,
      11.411006199913455,
      9.339058007709511,
      13.052617003966464,
      9.763397019375962,
      9.471367060824193,
      10.374324454832381,
      9.559867859874883,
      9.698886465389593,
      9.828615616794853,
      11.346680916975808,
      9.541652807497865,
      0.0,
      10.095324497035621,
      9.96052876871648,
      9.337742472553465,
      10.05121192169688,
      9.949365067071886
    ],
    [
      7.4951440377617,
      7.555211215978494,
      5.259164518514,
      8.167501640096429,
      8.482879974375999,
      6.761570628732332,
      9.678647843710703,
      8.80565576339182,
      12.031900381112536,
      7.583798334345101,
      12.726428583654888,
      8.92900438713825,
      6.666684470262464,
      9.778187840852233,
      7.115667269940693,
      7.925355842040584,
      9.1610217687566,
      9.456056902173785,
      7.784230900736004,
      10.095324497035621,
      0.0,
      6.971632864125631,
      7.122689260409691,
      6.96556623450298,
      8.230091035010298
    ],
    [
      7.613871477859533,
      7.168114355978543,
      4.49234766379738,
      6.308655796818196,
      5.294250366569857,
      4.730687871028687,
      7.493747783406056,
      7.595422121515146,
      11.640118154238518,
      5.302092867900004,
      11.152131801076695,
      6.533227792868952,
      4.896298157566118,
      7.048023075754155,
      4.982563237225035,
      6.088425708000976,
      7.354229675840637,
      8.044072228906286,
      4.929540760841972,
      9.96052876871648,
      6.971632864125631,
      0.0,
      4.781630479481974,
      6.01308702315776,
      5.647944053949386
    ],
    [
      6.511247507669648,
      4.636636200708761,
      3.1542330081400993,
      6.356240985981196,
      6.003651731006452,
      4.756151426986016,
      7.467721722717353,
      5.891337278570414,
      11.233827438479002,
      3.2683770611635445,
      11.521298250284406,
      3.6756811420598337,
      2.5853287691005797,
      6.8229159830926385,
      5.041788677177351,
      3.4359288584699197,
      4.556568807549596,
      5.345764477273998,
      5.799626204629799,
      9.337742472553465,
      7.122689260409691,
      4.781630479481974,
      0.0,
      6.875197427553689,
      3.2361237235086597
    ],
    [
      7.245182314210754,
      8.228009693418063,
      6.1693251680869805,
      7.832559007658282,
      6.932889837052625,
      6.348680415859487,
      8.623418379653161,
      8.452617581370358,
      10.383662728188343,
      6.954965032912895,
      11.280193534949058,
      7.887640481447755,
      7.250808832739281,
      8.707504055900888,
      6.349738549002658,
      7.451162640913925,
      8.389928554350222,
      9.276200924255244,
      7.400226185941523,
      10.05121192169688,
      6.96556623450298,
      6.01308702315776,
      6.875197427553689,
      0.0,
      7.646530249563621
    ],
    [
      6.750023785143414,
      4.990718562307935,
      4.423008065082687,
      6.864690554496653,
      5.908999788708968,
      5.513103644088945,
      6.844431086678188,
      5.461644052679762,
      11.271720526376216,
      2.6270333753358868,
      12.293908252757493,
      4.344498707991154,
      3.4344653890864683,
      6.877505683287527,
      4.894147308278682,
      4.36184695654732,
      4.791035788722669,
      6.366957531662887,
      6.5383907164268305,
      9.949365067071886,
      8.230091035010298,
      5.647944053949386,
      3.2361237235086597,
      7.646530249563621,
      0.0
    ]
  ],
  "top_loaders": [
    {
      "pc": 1,
      "variance_explained": 0.21108818385123373,
      "cumulative": 0.21108818385123373,
      "top_loaders": [
        [
          "dicemother::surf_len_words",
          -0.3378035417868
        ],
        [
          "dicemother::surf_len_chars",
          -0.3328653626973003
        ],
        [
          "scringlo::surf_len_words",
          -0.30879890677679367
        ],
        [
          "dicemother::surf_frac_q",
          0.30516952828239874
        ],
        [
          "scringlo::surf_frac_q",
          0.2893482401084196
        ],
        [
          "scringlo::surf_frac_ellipsis",
          0.28623420617711903
        ]
      ]
    },
    {
      "pc": 2,
      "variance_explained": 0.1723480617759651,
      "cumulative": 0.3834362456271988,
      "top_loaders": [
        [
          "dicemother::surf_frac_excl",
          0.3787480685019067
        ],
        [
          "scringlo::surf_frac_excl",
          0.37749128455147907
        ],
        [
          "scringlo::surf_has_emoji",
          0.2850328773512363
        ],
        [
          "dicemother::surf_frac_caps",
          0.27101729461718854
        ],
        [
          "dicemother::surf_frac_i",
          0.23466710125249066
        ],
        [
          "dicemother::surf_avg_word_len",
          0.22745007344155058
        ]
      ]
    },
    {
      "pc": 3,
      "variance_explained": 0.10936617463380187,
      "cumulative": 0.4928024202610007,
      "top_loaders": [
        [
          "scringlo::pred",
          -0.41279886260203846
        ],
        [
          "scringlo::trope",
          -0.3946345577481141
        ],
        [
          "scringlo::surf_frac_i",
          -0.37914286192904806
        ],
        [
          "dicemother::surf_frac_i",
          -0.3360727854933411
        ],
        [
          "scringlo::surf_frac_you",
          -0.26698773878225385
        ],
        [
          "dicemother::surf_frac_ellipsis",
          -0.24444879668323694
        ]
      ]
    },
    {
      "pc": 4,
      "variance_explained": 0.08606224707318491,
      "cumulative": 0.5788646673341855,
      "top_loaders": [
        [
          "scringlo::surf_starts_lower",
          0.3440543829747092
        ],
        [
          "dicemother::surf_has_emoji",
          0.3354330763000666
        ],
        [
          "scringlo::surf_has_emoji",
          0.2928340525246921
        ],
        [
          "dicemother::surf_starts_lower",
          0.2892768804137208
        ],
        [
          "scringlo::surf_n_parentheticals",
          0.2891339956355909
        ],
        [
          "dicemother::surf_frac_you",
          0.2594286334645469
        ]
      ]
    },
    {
      "pc": 5,
      "variance_explained": 0.08323770633693708,
      "cumulative": 0.6621023736711227,
      "top_loaders": [
        [
          "dicemother::trope",
          0.39825056731431735
        ],
        [
          "dicemother::pred",
          0.3612496867277526
        ],
        [
          "dicemother::surf_has_emoji",
          -0.32838000690499713
        ],
        [
          "scringlo::surf_n_parentheticals",
          -0.25248112188600813
        ],
        [
          "dicemother::surf_frac_ellipsis",
          -0.24775313613679165
        ],
        [
          "scringlo::surf_has_emoji",
          -0.24674366963432412
        ]
      ]
    }
  ]
}